Season_Team,W%,Playoffs_Team,WS_Team,WS_Winner,Pitching_fWAR,Batting_fWAR,Pitching_WPA,Batting_WPA,Pitching_WPA/LI,Batting_WPA/LI,Pitching_K/9,Pitching_BB/9,Pitching_HR/9,Pitching_LOB%,Pitching_ERA,Pitching_FIP,Pitching_xFIP,Batting_Off,Batting_Def,Batting_BB%,Batting_K%,Batting_ISO,Batting_BABIP,Batting_AVG,Batting_OBP,Batting_SLG,Batting_wOBA,Batting_wRC+
2009 Angels,0.599,1,0,0,13.70,29.10,3.04,12.96,-1.20,10.20,6.61,3.26,1.12,0.72,4.45,4.45,4.46,75.50,-5.40,0.09,0.17,0.16,0.32,0.29,0.35,0.44,0.35,108.00
2009 Astros,0.457,0,0,0,11.60,12.70,-4.46,-2.54,-7.66,-6.07,7.20,3.44,1.11,0.72,4.54,4.35,4.16,-99.00,37.00,0.07,0.16,0.14,0.29,0.26,0.32,0.40,0.32,89.00
2009 Athletics,0.463,0,0,0,18.00,14.60,-1.57,-4.43,0.15,-1.36,6.99,3.25,0.97,0.70,4.29,4.10,4.24,-38.00,-34.90,0.08,0.17,0.14,0.30,0.26,0.33,0.40,0.32,94.00
2009 Blue Jays,0.463,0,0,0,15.60,19.50,-2.35,-3.65,-0.99,3.29,7.33,3.42,1.12,0.72,4.47,4.35,4.13,21.50,-50.00,0.09,0.16,0.17,0.29,0.27,0.33,0.44,0.34,101.00
2009 Braves,0.531,0,0,0,19.70,22.20,8.10,-3.10,6.94,0.37,7.58,3.26,0.73,0.74,3.57,3.66,3.91,-44.20,67.60,0.10,0.17,0.14,0.30,0.26,0.34,0.41,0.33,97.00
2009 Brewers,0.494,0,0,0,5.20,24.60,-8.78,7.78,-12.34,6.10,6.92,3.81,1.30,0.72,4.84,4.84,4.54,10.20,38.90,0.10,0.20,0.16,0.31,0.26,0.34,0.43,0.34,103.00
2009 Cardinals,0.562,1,0,0,17.50,24.20,6.09,3.91,8.59,3.09,6.55,2.87,0.77,0.73,3.66,3.82,4.00,-1.60,50.00,0.09,0.17,0.15,0.30,0.26,0.33,0.42,0.33,98.00
2009 Cubs,0.516,0,0,0,18.50,14.50,9.17,-6.67,6.95,-1.69,7.92,3.65,1.00,0.74,3.84,4.11,4.14,-89.30,39.00,0.10,0.19,0.15,0.30,0.26,0.33,0.41,0.32,90.00
2009 Diamondbacks,0.432,0,0,0,13.50,17.50,-2.98,-8.02,-3.70,-4.08,7.20,3.26,1.04,0.70,4.44,4.20,4.17,-75.30,53.60,0.09,0.21,0.17,0.30,0.25,0.32,0.42,0.32,89.00
2009 Dodgers,0.586,1,0,0,18.60,27.40,9.31,4.69,10.80,6.89,7.77,3.57,0.78,0.75,3.41,3.80,4.07,18.70,55.50,0.10,0.17,0.14,0.31,0.27,0.35,0.41,0.33,102.00
2009 Giants,0.543,0,0,0,19.70,16.60,12.37,-5.37,7.45,-8.63,8.10,3.63,0.87,0.76,3.55,3.85,3.99,-118.10,94.00,0.07,0.19,0.13,0.30,0.26,0.31,0.39,0.31,83.00
2009 Indians,0.401,0,0,0,9.90,14.50,-10.86,-5.14,-10.28,-0.73,6.19,3.75,1.15,0.69,5.07,4.73,4.69,-0.70,-75.70,0.09,0.19,0.15,0.31,0.26,0.34,0.42,0.33,100.00
2009 Mariners,0.525,0,0,0,17.50,16.80,7.61,-3.61,4.88,-6.30,6.46,3.31,1.07,0.73,3.87,4.39,4.46,-87.00,40.00,0.07,0.18,0.14,0.29,0.26,0.31,0.40,0.31,89.00
2009 Marlins,0.537,0,0,0,14.10,19.30,-0.95,6.95,-0.56,5.22,7.77,3.74,1.00,0.71,4.32,4.15,4.18,-16.70,12.00,0.09,0.19,0.15,0.32,0.27,0.34,0.42,0.33,97.00
2009 Mets,0.432,0,0,0,10.40,12.80,-7.44,-3.56,-6.56,-2.48,6.51,3.89,1.00,0.72,4.46,4.50,4.66,-48.20,-16.80,0.09,0.15,0.12,0.31,0.27,0.34,0.39,0.32,94.00
2009 Nationals,0.364,0,0,0,4.90,15.10,-17.53,-4.47,-14.35,-0.08,5.76,3.97,1.09,0.68,5.02,4.82,4.80,-37.90,-7.60,0.10,0.19,0.15,0.30,0.26,0.34,0.41,0.33,96.00
2009 Orioles,0.395,0,0,0,6.80,11.60,-7.97,-9.03,-7.91,-6.60,5.88,3.44,1.37,0.70,5.16,5.03,4.78,-74.30,-28.10,0.08,0.16,0.15,0.30,0.27,0.33,0.42,0.33,93.00
2009 Padres,0.463,0,0,0,11.10,15.50,-6.71,0.71,-9.34,-2.07,7.36,3.74,1.04,0.71,4.37,4.30,4.29,-67.10,28.90,0.10,0.19,0.14,0.28,0.24,0.32,0.38,0.31,93.00
2009 Phillies,0.574,1,1,0,12.40,32.00,0.15,11.85,-1.53,9.73,7.13,3.02,1.17,0.75,4.16,4.36,4.22,42.50,78.40,0.09,0.18,0.19,0.29,0.26,0.33,0.45,0.34,103.00
2009 Pirates,0.385,0,0,0,12.60,10.50,-9.84,-8.66,-6.45,-6.65,5.83,3.57,0.96,0.71,4.59,4.48,4.63,-113.00,27.80,0.08,0.19,0.14,0.30,0.25,0.32,0.39,0.31,86.00
2009 Rangers,0.537,0,0,0,14.90,19.00,7.37,-1.37,3.57,0.17,6.37,3.33,1.07,0.72,4.38,4.49,4.50,-49.80,24.60,0.08,0.21,0.19,0.30,0.26,0.32,0.45,0.33,92.00
2009 Rays,0.519,0,0,0,12.40,35.10,-1.96,4.96,1.02,7.64,7.09,3.25,1.15,0.71,4.36,4.37,4.30,90.50,41.80,0.10,0.20,0.18,0.30,0.26,0.34,0.44,0.34,109.00
2009 Red Sox,0.586,1,0,0,18.50,24.40,8.64,5.36,3.11,7.98,7.71,3.32,1.05,0.73,4.35,4.14,4.25,40.70,-19.80,0.10,0.18,0.18,0.30,0.27,0.35,0.45,0.35,106.00
2009 Reds,0.481,0,0,0,8.20,19.50,5.91,-8.91,0.06,-6.82,6.60,3.56,1.16,0.74,4.18,4.63,4.50,-118.50,119.40,0.09,0.18,0.15,0.28,0.25,0.32,0.39,0.31,84.00
2009 Rockies,0.568,1,0,0,21.00,18.90,11.22,-0.22,9.03,4.14,7.22,3.30,0.88,0.71,4.24,3.96,3.99,-29.70,22.80,0.11,0.21,0.18,0.31,0.26,0.34,0.44,0.34,96.00
2009 Royals,0.401,0,0,0,14.90,2.20,-6.40,-9.60,-4.12,-7.83,7.28,3.79,1.05,0.68,4.83,4.36,4.38,-110.30,-82.00,0.08,0.18,0.15,0.30,0.26,0.32,0.41,0.32,88.00
2009 Tigers,0.528,0,0,0,17.00,15.00,6.06,-1.56,2.69,-2.68,6.85,3.69,1.13,0.73,4.34,4.53,4.45,-48.50,-19.90,0.09,0.18,0.16,0.29,0.26,0.33,0.42,0.33,94.00
2009 Twins,0.534,1,0,0,12.50,22.40,1.90,3.60,-0.85,5.78,6.52,2.89,1.15,0.72,4.50,4.39,4.45,42.90,-41.40,0.09,0.16,0.16,0.31,0.27,0.35,0.43,0.34,104.00
2009 White Sox,0.488,0,0,0,20.20,8.60,5.97,-7.97,3.78,-6.30,7.00,3.17,1.06,0.72,4.16,4.21,4.19,-84.00,-45.10,0.09,0.17,0.15,0.29,0.26,0.33,0.41,0.33,91.00
2009 Yankees,0.636,1,1,1,19.30,33.80,8.89,13.11,4.74,13.87,7.82,3.56,1.12,0.72,4.28,4.32,4.17,137.50,-25.50,0.10,0.16,0.19,0.31,0.28,0.36,0.48,0.37,117.00
2010 Angels,0.494,0,0,0,13.50,14.10,4.38,-5.38,-0.72,-2.94,7.02,3.51,0.92,0.73,4.04,4.11,4.24,-54.20,-24.10,0.08,0.18,0.14,0.28,0.25,0.31,0.39,0.31,94.00
2010 Astros,0.469,0,0,0,15.50,5.40,-0.51,-4.49,-1.54,-12.48,7.57,3.43,0.88,0.71,4.09,3.89,3.97,-156.60,27.60,0.07,0.17,0.12,0.29,0.25,0.30,0.36,0.30,79.00
2010 Athletics,0.500,0,0,0,13.70,20.30,5.08,-5.08,5.90,-1.74,6.73,3.22,0.96,0.75,3.58,4.13,4.08,-20.60,1.00,0.09,0.17,0.12,0.30,0.26,0.32,0.38,0.31,95.00
2010 Blue Jays,0.525,0,0,0,15.30,23.70,1.95,2.05,1.55,3.71,7.40,3.37,0.94,0.71,4.23,4.04,4.03,25.10,-9.90,0.08,0.19,0.21,0.27,0.25,0.31,0.45,0.33,105.00
2010 Braves,0.562,1,0,0,15.60,23.60,4.86,5.14,6.28,3.69,7.76,3.16,0.79,0.73,3.57,3.65,3.65,-2.90,41.90,0.10,0.18,0.14,0.30,0.26,0.34,0.40,0.33,100.00
2010 Brewers,0.475,0,0,0,7.40,30.00,-7.04,3.04,-7.20,6.07,7.87,3.64,1.08,0.70,4.59,4.21,4.07,32.40,66.30,0.09,0.19,0.16,0.30,0.26,0.34,0.42,0.33,104.00
2010 Cardinals,0.531,0,0,0,11.40,25.00,4.20,0.80,4.82,2.69,6.77,2.95,0.82,0.74,3.57,3.85,3.87,-6.80,59.60,0.09,0.17,0.14,0.30,0.26,0.33,0.40,0.32,99.00
2010 Cubs,0.463,0,0,0,13.80,13.80,3.87,-9.87,-1.37,-5.06,7.94,3.79,0.96,0.70,4.24,4.11,4.08,-81.70,29.00,0.08,0.20,0.15,0.30,0.26,0.32,0.40,0.32,90.00
2010 Diamondbacks,0.401,0,0,0,2.70,21.80,-9.46,-6.54,-8.51,-2.11,6.72,3.44,1.32,0.70,4.81,4.76,4.35,-62.80,85.80,0.10,0.25,0.17,0.31,0.25,0.33,0.42,0.33,93.00
2010 Dodgers,0.494,0,0,0,16.80,13.30,3.92,-4.92,2.53,-1.94,7.95,3.36,0.84,0.71,4.01,3.76,3.87,-60.60,3.40,0.09,0.19,0.13,0.30,0.25,0.32,0.38,0.31,92.00
2010 Giants,0.568,1,1,1,18.40,25.80,11.58,-0.58,6.04,0.27,8.20,3.56,0.83,0.77,3.36,3.74,3.94,-31.60,95.20,0.08,0.18,0.15,0.29,0.26,0.32,0.41,0.32,98.00
2010 Indians,0.426,0,0,0,9.70,11.00,-6.02,-5.98,-6.26,-3.00,6.07,3.59,0.92,0.71,4.30,4.40,4.41,-40.70,-70.30,0.09,0.19,0.13,0.29,0.25,0.32,0.38,0.31,94.00
2010 Mariners,0.377,0,0,0,15.70,2.20,-3.83,-16.17,-6.29,-15.80,6.09,2.83,0.98,0.71,3.95,4.17,4.23,-148.80,-40.50,0.08,0.20,0.10,0.28,0.24,0.30,0.34,0.29,79.00
2010 Marlins,0.494,0,0,0,16.10,15.90,-1.34,0.34,0.59,0.55,7.31,3.44,0.84,0.71,4.09,3.92,4.11,-36.20,2.70,0.08,0.22,0.15,0.31,0.25,0.32,0.40,0.32,92.00
2010 Mets,0.488,0,0,0,14.10,15.10,5.61,-7.61,1.79,-3.12,6.85,3.38,0.84,0.75,3.73,4.00,4.14,-70.90,30.60,0.08,0.18,0.13,0.29,0.25,0.31,0.38,0.31,89.00
2010 Nationals,0.426,0,0,0,10.40,16.60,-6.13,-5.87,-2.12,-3.32,6.70,3.21,0.95,0.71,4.13,4.12,4.13,-84.40,59.90,0.08,0.20,0.14,0.29,0.25,0.32,0.39,0.31,90.00
2010 Orioles,0.407,0,0,0,9.80,9.60,-5.24,-9.76,-2.08,-9.29,6.31,3.26,1.17,0.71,4.59,4.57,4.44,-111.80,-11.00,0.07,0.17,0.13,0.30,0.26,0.32,0.39,0.31,87.00
2010 Padres,0.556,0,0,0,16.30,23.60,12.52,-3.52,5.70,-4.12,8.00,3.20,0.86,0.77,3.41,3.66,3.67,-50.20,91.90,0.09,0.19,0.13,0.29,0.25,0.32,0.37,0.30,92.00
2010 Phillies,0.599,1,0,0,16.60,23.10,9.68,6.32,6.02,3.68,7.31,2.57,1.04,0.75,3.68,3.93,3.75,5.50,27.40,0.09,0.17,0.15,0.29,0.26,0.33,0.41,0.33,99.00
2010 Pirates,0.352,0,0,0,6.40,1.40,-14.12,-9.88,-18.49,-10.33,6.54,3.43,1.06,0.67,5.00,4.45,4.35,-119.00,-48.10,0.08,0.20,0.13,0.29,0.24,0.30,0.37,0.30,84.00
2010 Rangers,0.556,1,1,0,19.30,21.80,7.59,1.41,6.43,1.50,7.30,3.41,1.00,0.74,3.93,4.17,4.19,-7.10,-4.10,0.08,0.16,0.14,0.31,0.28,0.34,0.42,0.33,98.00
2010 Rays,0.593,1,0,0,16.30,30.70,6.15,8.85,0.52,7.06,7.36,2.96,1.08,0.75,3.78,4.09,4.00,78.60,-3.20,0.11,0.21,0.16,0.29,0.25,0.33,0.40,0.33,106.00
2010 Red Sox,0.549,0,0,0,15.70,24.90,1.85,6.15,4.97,6.19,7.46,3.58,0.94,0.71,4.19,4.08,4.13,59.70,-43.40,0.09,0.18,0.18,0.30,0.27,0.34,0.45,0.35,109.00
2010 Reds,0.562,1,0,0,12.80,35.70,3.83,6.17,4.09,10.81,7.00,3.25,0.98,0.74,4.02,4.12,4.13,57.20,96.80,0.08,0.19,0.16,0.31,0.27,0.34,0.44,0.34,106.00
2010 Rockies,0.512,0,0,0,21.60,13.40,6.99,-4.99,8.70,-2.37,7.70,3.28,0.87,0.71,4.14,3.83,3.80,-62.10,2.50,0.09,0.20,0.16,0.31,0.26,0.34,0.43,0.33,91.00
2010 Royals,0.414,0,0,0,9.30,9.90,-7.43,-6.57,-11.61,-3.99,6.48,3.45,1.10,0.69,4.97,4.48,4.41,-42.10,-81.20,0.08,0.15,0.13,0.31,0.27,0.33,0.40,0.32,98.00
2010 Tigers,0.500,0,0,0,18.00,23.60,-2.41,2.41,1.77,1.68,6.58,3.35,0.88,0.71,4.29,4.14,4.31,23.90,-18.70,0.09,0.18,0.15,0.31,0.27,0.34,0.42,0.33,102.00
2010 Twins,0.580,1,0,0,17.30,27.80,6.04,6.96,3.55,6.04,6.49,2.37,0.96,0.73,3.95,3.91,3.93,29.50,17.90,0.09,0.16,0.15,0.31,0.27,0.34,0.42,0.34,106.00
2010 White Sox,0.543,0,0,0,24.00,15.70,4.87,2.13,5.91,1.32,7.15,3.05,0.85,0.72,4.09,3.80,3.94,-7.70,-56.30,0.08,0.15,0.15,0.29,0.27,0.33,0.42,0.33,100.00
2010 Yankees,0.586,1,0,0,16.40,31.20,4.94,9.06,3.18,12.18,7.20,3.37,1.12,0.74,4.06,4.34,4.15,101.50,-24.80,0.10,0.18,0.17,0.30,0.27,0.35,0.44,0.35,112.00
2011 Angels,0.531,0,0,0,15.00,23.80,7.41,-2.41,3.84,0.11,6.50,2.92,0.87,0.75,3.57,3.89,4.01,-14.60,38.00,0.07,0.18,0.15,0.29,0.25,0.31,0.40,0.31,98.00
2011 Astros,0.346,0,0,0,5.60,13.30,-15.70,-9.30,-13.98,-5.94,7.47,3.51,1.18,0.71,4.51,4.35,4.02,-89.10,28.30,0.07,0.19,0.12,0.31,0.26,0.31,0.37,0.30,88.00
2011 Athletics,0.457,0,0,0,18.00,7.50,2.70,-9.70,1.12,-8.07,7.21,3.23,0.85,0.72,3.71,3.80,3.98,-82.20,-49.50,0.08,0.18,0.13,0.28,0.24,0.31,0.37,0.30,89.00
2011 Blue Jays,0.500,0,0,0,10.70,15.60,-1.35,1.35,-2.48,0.05,7.21,3.33,1.10,0.72,4.33,4.29,4.06,-11.60,-46.80,0.09,0.19,0.16,0.28,0.25,0.32,0.41,0.32,97.00
2011 Braves,0.549,0,0,0,14.20,18.50,10.60,-2.60,6.07,0.27,8.10,3.17,0.76,0.75,3.49,3.49,3.54,-70.50,57.90,0.08,0.20,0.14,0.28,0.24,0.31,0.39,0.31,91.00
2011 Brewers,0.593,1,0,0,16.80,30.50,5.61,9.39,4.21,7.64,7.85,2.75,0.92,0.73,3.64,3.59,3.58,20.60,82.00,0.08,0.18,0.16,0.29,0.26,0.33,0.43,0.33,103.00
2011 Cardinals,0.556,1,1,1,12.00,29.60,-6.72,15.72,-2.04,10.30,6.76,2.76,0.84,0.72,3.79,3.75,3.79,72.30,17.70,0.09,0.16,0.15,0.31,0.27,0.34,0.43,0.33,112.00
2011 Cubs,0.438,0,0,0,11.00,14.30,-7.60,-2.40,-5.73,-3.70,7.68,3.64,1.02,0.71,4.34,4.11,4.02,-80.20,29.50,0.07,0.20,0.14,0.30,0.26,0.31,0.40,0.31,91.00
2011 Diamondbacks,0.580,1,0,0,11.80,30.50,7.72,5.28,1.13,0.92,6.60,2.76,0.99,0.74,3.80,4.02,4.05,-14.80,117.80,0.09,0.21,0.16,0.29,0.25,0.32,0.41,0.32,97.00
2011 Dodgers,0.509,0,0,0,20.00,19.60,3.15,-1.65,3.08,1.28,7.95,3.19,0.83,0.74,3.56,3.61,3.72,-24.60,24.30,0.08,0.18,0.12,0.30,0.26,0.32,0.38,0.31,95.00
2011 Giants,0.531,0,0,0,17.30,18.10,9.76,-4.76,8.15,-5.10,8.07,3.43,0.59,0.74,3.21,3.33,3.66,-87.90,74.20,0.07,0.18,0.13,0.28,0.24,0.30,0.37,0.30,88.00
2011 Indians,0.494,0,0,0,17.70,9.30,-0.06,-0.94,-2.68,-1.17,6.34,2.87,0.95,0.70,4.24,4.06,4.09,-8.50,-107.20,0.08,0.21,0.15,0.30,0.25,0.32,0.40,0.31,99.00
2011 Mariners,0.414,0,0,0,17.40,3.90,-2.83,-11.17,0.08,-12.08,6.83,2.74,0.91,0.72,3.91,3.84,3.92,-124.40,-36.60,0.07,0.21,0.12,0.28,0.23,0.29,0.35,0.28,80.00
2011 Marlins,0.444,0,0,0,15.30,13.70,-2.50,-6.50,1.26,-1.66,7.51,3.08,0.92,0.72,3.95,3.79,3.80,-56.10,-3.70,0.09,0.20,0.14,0.29,0.25,0.32,0.39,0.31,92.00
2011 Mets,0.475,0,0,0,11.90,17.20,-10.57,6.57,-10.02,4.05,7.00,3.19,0.91,0.71,4.19,4.00,4.04,25.00,-55.10,0.09,0.17,0.13,0.31,0.26,0.34,0.39,0.32,102.00
2011 Nationals,0.497,0,0,0,11.60,16.60,5.13,-5.63,1.78,-6.16,6.51,2.96,0.80,0.74,3.58,3.83,4.04,-73.40,45.60,0.08,0.22,0.14,0.29,0.24,0.31,0.38,0.31,89.00
2011 Orioles,0.426,0,0,0,4.90,12.30,-9.14,-2.86,-9.90,-3.34,6.49,3.33,1.31,0.70,4.92,4.67,4.29,-39.10,-48.90,0.07,0.18,0.16,0.29,0.26,0.32,0.41,0.32,96.00
2011 Padres,0.438,0,0,0,15.10,15.00,0.47,-10.47,-0.28,-4.74,7.07,3.24,0.78,0.75,3.43,3.73,3.93,-77.30,34.30,0.08,0.22,0.11,0.29,0.24,0.31,0.35,0.29,86.00
2011 Phillies,0.630,1,0,0,29.50,19.00,19.31,1.69,13.09,3.36,7.92,2.46,0.73,0.78,3.02,3.24,3.41,-29.50,17.90,0.09,0.16,0.14,0.28,0.25,0.32,0.40,0.32,96.00
2011 Pirates,0.444,0,0,0,8.50,6.70,-5.50,-3.50,-8.70,-6.92,6.40,3.32,0.94,0.74,4.05,4.20,4.18,-103.10,-17.80,0.08,0.22,0.12,0.30,0.24,0.31,0.37,0.30,87.00
2011 Rangers,0.593,1,1,0,19.20,33.90,6.75,8.25,7.75,12.47,7.36,2.88,1.06,0.73,3.79,3.98,3.83,107.40,5.30,0.08,0.15,0.18,0.30,0.28,0.34,0.46,0.35,112.00
2011 Rays,0.562,1,0,0,16.80,27.70,4.92,5.08,6.68,4.48,7.10,3.13,1.00,0.76,3.58,4.03,4.01,35.10,23.10,0.09,0.19,0.16,0.28,0.24,0.32,0.40,0.32,103.00
2011 Red Sox,0.556,0,0,0,14.30,36.30,3.55,5.45,2.34,12.22,7.49,3.33,0.96,0.71,4.20,4.05,4.13,114.30,16.20,0.09,0.17,0.18,0.31,0.28,0.35,0.46,0.35,117.00
2011 Reds,0.488,0,0,0,6.20,29.40,-5.79,3.79,-3.77,3.93,6.82,3.31,1.13,0.74,4.16,4.37,4.11,3.60,81.90,0.09,0.20,0.15,0.30,0.26,0.33,0.41,0.32,99.00
2011 Rockies,0.451,0,0,0,13.60,11.70,-0.86,-7.14,-0.74,-3.41,6.95,3.25,1.09,0.71,4.44,4.24,3.98,-92.50,12.70,0.09,0.19,0.15,0.30,0.26,0.33,0.41,0.32,88.00
2011 Royals,0.438,0,0,0,10.70,19.80,-5.56,-4.44,-3.55,0.03,6.70,3.45,1.01,0.72,4.45,4.27,4.24,4.50,-25.30,0.07,0.16,0.14,0.31,0.28,0.33,0.42,0.33,101.00
2011 Tigers,0.586,1,0,0,16.70,23.10,7.19,6.81,5.10,6.51,6.97,3.08,0.93,0.71,4.04,3.96,4.00,48.50,-36.50,0.08,0.18,0.16,0.32,0.28,0.34,0.43,0.34,109.00
2011 Twins,0.389,0,0,0,7.70,4.30,-8.89,-9.11,-8.55,-11.44,5.95,3.04,1.02,0.69,4.60,4.30,4.33,-133.40,-25.80,0.07,0.17,0.11,0.29,0.25,0.31,0.36,0.30,82.00
2011 White Sox,0.488,0,0,0,23.20,11.70,8.48,-10.48,6.33,-7.94,7.52,2.71,0.91,0.71,4.10,3.66,3.69,-80.00,-13.90,0.08,0.16,0.14,0.28,0.25,0.32,0.39,0.31,90.00
2011 Yankees,0.599,1,0,0,17.30,37.00,10.18,5.82,4.43,10.05,7.54,3.13,0.94,0.75,3.73,3.87,3.84,101.60,39.70,0.10,0.18,0.18,0.29,0.26,0.34,0.44,0.35,113.00
2012 Angels,0.549,0,0,0,10.40,33.80,-2.38,10.38,-2.49,10.30,7.26,3.03,1.17,0.73,4.02,4.26,4.15,109.80,5.90,0.07,0.18,0.16,0.31,0.27,0.33,0.43,0.33,113.00
2012 Astros,0.340,0,0,0,9.30,5.80,-12.29,-13.71,-10.09,-8.80,7.40,3.41,1.09,0.70,4.57,4.27,4.15,-144.40,17.70,0.08,0.23,0.14,0.29,0.24,0.30,0.37,0.30,82.00
2012 Athletics,0.580,1,0,0,19.50,19.40,11.49,1.51,8.03,1.85,6.96,2.83,0.90,0.75,3.50,3.89,4.20,0.30,-24.40,0.09,0.22,0.17,0.28,0.24,0.31,0.40,0.31,97.00
2012 Blue Jays,0.451,0,0,0,6.90,14.30,-2.71,-5.29,-5.10,-2.30,7.12,3.58,1.27,0.72,4.64,4.66,4.30,-55.80,-14.00,0.08,0.21,0.16,0.28,0.25,0.31,0.41,0.31,92.00
2012 Braves,0.580,1,0,0,11.40,27.30,9.41,3.59,8.52,2.48,7.67,2.89,0.90,0.75,3.42,3.74,3.80,-48.90,123.80,0.09,0.21,0.14,0.30,0.25,0.32,0.39,0.31,92.00
2012 Brewers,0.512,0,0,0,14.30,28.30,-4.28,6.28,-2.63,6.49,8.68,3.25,1.05,0.72,4.22,3.82,3.73,29.50,52.20,0.08,0.20,0.18,0.30,0.26,0.33,0.44,0.33,102.00
2012 Cardinals,0.543,1,0,0,16.20,28.50,2.03,4.97,3.37,8.31,7.49,2.68,0.82,0.73,3.71,3.62,3.72,46.50,33.90,0.08,0.19,0.15,0.32,0.27,0.34,0.42,0.33,106.00
2012 Cubs,0.377,0,0,0,4.40,11.30,-8.98,-11.02,-6.88,-6.81,7.18,3.65,1.11,0.71,4.51,4.46,4.39,-138.90,65.70,0.08,0.21,0.14,0.29,0.24,0.30,0.38,0.30,81.00
2012 Diamondbacks,0.500,0,0,0,15.30,21.80,0.59,-0.59,1.46,2.58,7.53,2.62,0.97,0.72,3.94,3.81,3.84,-30.70,52.00,0.09,0.21,0.16,0.31,0.26,0.33,0.42,0.32,97.00
2012 Dodgers,0.531,0,0,0,20.80,13.80,6.77,-1.77,6.85,-3.22,7.92,3.35,0.76,0.75,3.35,3.64,3.93,-81.90,28.90,0.08,0.19,0.12,0.30,0.25,0.32,0.37,0.30,90.00
2012 Giants,0.580,1,1,1,10.90,29.00,3.01,9.99,-4.31,5.45,7.67,3.03,0.88,0.74,3.68,3.78,3.95,22.40,66.70,0.08,0.18,0.13,0.32,0.27,0.33,0.40,0.31,101.00
2012 Indians,0.420,0,0,0,12.60,8.20,-10.44,-2.56,-12.78,-3.40,6.78,3.39,1.09,0.68,4.79,4.40,4.39,-37.70,-93.20,0.09,0.18,0.13,0.29,0.25,0.32,0.38,0.31,97.00
2012 Mariners,0.463,0,0,0,17.60,8.90,2.67,-8.67,1.68,-9.66,7.20,2.77,1.03,0.74,3.76,4.00,4.09,-89.60,-30.30,0.08,0.21,0.14,0.28,0.23,0.30,0.37,0.29,87.00
2012 Marlins,0.426,0,0,0,13.50,10.60,-5.82,-6.18,-2.36,-5.11,6.95,3.09,0.83,0.70,4.10,3.89,4.17,-92.90,10.90,0.08,0.20,0.14,0.29,0.24,0.31,0.38,0.30,87.00
2012 Mets,0.457,0,0,0,14.30,15.90,-7.44,0.44,-3.92,-1.79,7.78,3.06,1.01,0.71,4.09,3.93,4.04,-48.80,16.10,0.08,0.21,0.14,0.30,0.25,0.32,0.39,0.31,94.00
2012 Nationals,0.605,1,0,0,19.50,23.70,10.94,6.06,7.80,2.92,8.12,3.05,0.79,0.75,3.34,3.54,3.80,4.70,33.00,0.08,0.21,0.17,0.31,0.26,0.32,0.43,0.32,101.00
2012 Orioles,0.574,1,0,0,16.00,14.60,12.20,-0.20,3.19,-1.99,7.14,2.92,1.12,0.74,3.90,4.20,4.14,-44.00,-24.70,0.08,0.21,0.17,0.29,0.25,0.31,0.42,0.32,96.00
2012 Padres,0.469,0,0,0,7.80,21.60,-6.72,1.72,-8.51,3.91,7.56,3.38,1.02,0.72,4.01,4.11,4.05,-8.40,29.10,0.09,0.20,0.13,0.30,0.25,0.32,0.38,0.31,97.00
2012 Phillies,0.500,0,0,0,19.80,21.50,-0.49,0.49,3.24,-2.55,8.59,2.54,1.10,0.73,3.86,3.72,3.61,-40.80,58.90,0.07,0.18,0.14,0.29,0.26,0.32,0.40,0.31,93.00
2012 Pirates,0.488,0,0,0,13.70,10.20,0.24,-2.24,-0.54,-2.10,7.48,3.08,0.96,0.73,3.91,3.94,3.97,-67.80,-17.00,0.07,0.23,0.15,0.29,0.24,0.30,0.40,0.30,91.00
2012 Rangers,0.574,1,0,0,22.20,23.30,9.11,2.89,4.51,4.98,8.03,2.78,1.09,0.72,4.02,3.90,3.86,39.50,-27.30,0.08,0.18,0.17,0.31,0.27,0.33,0.45,0.34,106.00
2012 Rays,0.556,0,0,0,20.40,23.70,11.87,-2.87,10.92,-0.03,8.53,2.89,0.86,0.76,3.19,3.51,3.59,-1.00,20.80,0.09,0.22,0.16,0.28,0.24,0.32,0.39,0.31,100.00
2012 Red Sox,0.426,0,0,0,6.40,20.10,-9.07,-2.93,-3.22,-2.49,7.33,3.30,1.19,0.70,4.72,4.41,4.16,-37.10,20.00,0.07,0.19,0.16,0.30,0.26,0.32,0.42,0.32,95.00
2012 Reds,0.599,1,0,0,18.70,23.90,11.65,4.35,8.08,-0.02,7.73,2.64,0.94,0.77,3.34,3.72,3.80,-36.00,78.90,0.08,0.21,0.16,0.30,0.25,0.32,0.41,0.31,93.00
2012 Rockies,0.395,0,0,0,9.20,10.30,-11.63,-5.37,-11.95,-2.21,7.24,3.58,1.25,0.69,5.22,4.59,4.28,-73.80,-14.70,0.07,0.20,0.16,0.32,0.27,0.33,0.44,0.33,90.00
2012 Royals,0.444,0,0,0,15.10,12.70,-1.02,-7.98,-4.30,-4.73,7.30,3.36,1.01,0.72,4.30,4.18,4.29,-50.80,-35.70,0.07,0.17,0.14,0.30,0.27,0.32,0.40,0.31,94.00
2012 Tigers,0.543,1,1,0,24.50,20.50,4.41,2.59,5.09,2.80,8.29,2.76,0.95,0.73,3.77,3.63,3.74,15.40,-27.20,0.08,0.18,0.15,0.31,0.27,0.34,0.42,0.33,105.00
2012 Twins,0.407,0,0,0,5.90,12.60,-9.92,-5.08,-9.25,-0.76,5.90,2.91,1.24,0.69,4.77,4.66,4.46,-32.50,-57.50,0.08,0.17,0.13,0.30,0.26,0.33,0.39,0.31,95.00
2012 White Sox,0.525,0,0,0,16.20,20.70,4.27,-0.27,5.34,0.35,7.76,3.13,1.16,0.75,4.02,4.23,4.12,-18.20,8.70,0.08,0.20,0.17,0.29,0.26,0.32,0.42,0.32,98.00
2012 Yankees,0.586,1,0,0,17.00,33.60,5.35,8.65,4.52,11.32,8.21,2.68,1.18,0.75,3.85,3.98,3.75,97.30,12.10,0.09,0.19,0.19,0.29,0.27,0.34,0.45,0.34,113.00
2013 Angels,0.481,0,0,0,10.10,21.60,-7.01,4.01,-9.67,7.78,7.41,3.29,1.03,0.72,4.24,4.08,4.10,54.80,-58.00,0.08,0.20,0.15,0.31,0.26,0.33,0.41,0.33,109.00
2013 Astros,0.315,0,0,0,2.20,1.90,-14.12,-15.88,-13.39,-11.65,6.78,3.85,1.19,0.70,4.79,4.67,4.48,-112.70,-64.40,0.07,0.26,0.14,0.30,0.24,0.30,0.38,0.30,85.00
2013 Athletics,0.593,1,0,0,16.60,25.40,7.06,7.94,3.38,9.86,7.33,2.65,1.01,0.75,3.56,3.83,4.05,66.20,-32.40,0.09,0.19,0.17,0.29,0.25,0.33,0.42,0.33,108.00
2013 Blue Jays,0.457,0,0,0,9.50,17.00,-5.77,-1.23,-5.00,2.70,7.49,3.10,1.21,0.72,4.26,4.30,4.04,-2.80,-39.10,0.08,0.18,0.16,0.28,0.25,0.32,0.41,0.32,99.00
2013 Braves,0.593,1,0,0,17.90,25.60,8.50,6.50,6.11,6.53,7.65,2.54,0.79,0.77,3.18,3.44,3.58,3.80,50.10,0.09,0.23,0.15,0.30,0.25,0.32,0.40,0.32,102.00
2013 Brewers,0.457,0,0,0,5.30,22.60,-6.17,-0.83,-1.29,-3.18,7.02,2.91,1.09,0.74,3.84,4.12,3.94,-66.00,94.00,0.07,0.20,0.15,0.29,0.25,0.31,0.40,0.31,91.00
2013 Cardinals,0.599,1,1,0,17.30,26.10,6.96,9.04,5.28,6.31,7.73,2.78,0.69,0.75,3.43,3.39,3.63,21.00,35.00,0.08,0.18,0.13,0.31,0.27,0.33,0.40,0.32,104.00
2013 Cubs,0.407,0,0,0,11.30,14.10,-7.71,-7.29,-3.77,-1.79,7.36,3.36,0.99,0.73,4.00,4.10,4.13,-78.30,27.30,0.07,0.20,0.15,0.28,0.24,0.30,0.39,0.30,90.00
2013 Diamondbacks,0.500,0,0,0,8.50,19.40,2.12,-2.12,-0.99,-4.15,7.33,2.92,1.06,0.75,3.92,4.04,3.83,-69.40,59.40,0.08,0.18,0.13,0.30,0.26,0.32,0.39,0.31,93.00
2013 Dodgers,0.568,1,0,0,20.60,25.50,7.47,3.53,4.79,4.70,8.02,2.85,0.79,0.76,3.25,3.45,3.52,14.70,37.20,0.08,0.19,0.13,0.31,0.26,0.33,0.40,0.32,103.00
2013 Giants,0.469,0,0,0,7.10,26.90,-10.15,5.15,-8.57,2.92,7.81,3.24,0.90,0.72,4.00,3.80,3.89,-1.70,66.30,0.08,0.18,0.12,0.30,0.26,0.32,0.38,0.31,100.00
2013 Indians,0.568,1,0,0,16.80,22.60,4.07,6.93,1.58,3.02,8.61,3.46,0.92,0.74,3.82,3.73,3.71,39.30,-29.50,0.09,0.21,0.16,0.30,0.26,0.33,0.41,0.32,104.00
2013 Mariners,0.438,0,0,0,15.70,10.00,-4.63,-5.37,-7.40,-2.92,7.97,2.94,1.07,0.71,4.32,3.89,3.72,-41.10,-66.70,0.09,0.22,0.15,0.28,0.24,0.31,0.39,0.31,95.00
2013 Marlins,0.383,0,0,0,14.60,3.30,1.24,-20.24,-0.71,-15.48,7.26,3.24,0.75,0.73,3.71,3.69,3.96,-178.90,29.50,0.07,0.21,0.10,0.28,0.23,0.29,0.34,0.28,74.00
2013 Mets,0.457,0,0,0,18.10,16.50,-4.36,-2.64,-4.12,-2.66,7.37,2.79,0.93,0.73,3.78,3.79,3.86,-49.20,16.10,0.08,0.22,0.13,0.29,0.24,0.31,0.37,0.30,90.00
2013 Nationals,0.531,0,0,0,17.30,17.60,4.12,0.88,2.07,2.57,7.69,2.52,0.88,0.74,3.59,3.55,3.64,-34.70,16.30,0.08,0.20,0.15,0.29,0.25,0.31,0.40,0.31,94.00
2013 Orioles,0.525,0,0,0,11.10,25.70,-3.39,7.39,-1.38,2.34,7.24,2.93,1.25,0.75,4.20,4.33,3.99,16.40,22.70,0.07,0.18,0.17,0.29,0.26,0.31,0.43,0.32,101.00
2013 Padres,0.469,0,0,0,8.40,18.60,-4.03,-0.97,-5.75,0.81,7.24,3.25,0.96,0.73,3.98,4.00,3.96,-35.40,24.40,0.08,0.21,0.13,0.29,0.25,0.31,0.38,0.30,94.00
2013 Phillies,0.451,0,0,0,13.70,8.90,-4.86,-3.14,-8.46,-2.59,7.51,3.17,0.95,0.71,4.34,3.94,4.00,-81.90,-15.80,0.07,0.20,0.14,0.29,0.25,0.31,0.38,0.30,89.00
2013 Pirates,0.580,1,0,0,16.80,22.80,12.91,0.09,6.62,6.17,7.72,3.15,0.62,0.75,3.27,3.42,3.58,-3.40,30.80,0.08,0.22,0.15,0.29,0.25,0.31,0.40,0.31,99.00
2013 Rangers,0.558,0,0,0,21.20,19.70,11.49,-1.99,8.52,2.72,8.05,3.06,0.97,0.76,3.63,3.77,3.75,-22.50,3.90,0.08,0.17,0.15,0.29,0.26,0.32,0.41,0.32,97.00
2013 Rays,0.564,1,0,0,14.50,28.20,3.76,6.74,5.46,5.33,8.05,2.96,0.94,0.74,3.74,3.71,3.71,50.10,9.20,0.09,0.19,0.15,0.30,0.26,0.33,0.41,0.32,107.00
2013 Red Sox,0.599,1,1,1,15.80,36.20,6.26,9.74,3.89,11.72,8.01,3.24,0.97,0.75,3.79,3.84,3.89,116.70,11.90,0.09,0.21,0.17,0.33,0.28,0.35,0.45,0.35,114.00
2013 Reds,0.556,1,0,0,18.00,22.50,10.07,-1.07,5.18,3.29,7.91,2.66,1.04,0.78,3.38,3.81,3.68,-32.90,52.40,0.09,0.20,0.14,0.29,0.25,0.33,0.39,0.32,96.00
2013 Rockies,0.457,0,0,0,16.40,13.70,-0.11,-6.89,-0.12,-3.60,6.67,3.24,0.85,0.70,4.44,3.96,4.02,-72.70,15.10,0.07,0.20,0.15,0.32,0.27,0.32,0.42,0.32,87.00
2013 Royals,0.531,0,0,0,17.50,19.40,8.94,-3.94,6.39,-5.87,7.51,2.91,0.96,0.77,3.45,3.83,3.90,-57.40,39.60,0.07,0.17,0.12,0.30,0.26,0.32,0.38,0.31,89.00
2013 Tigers,0.574,1,0,0,26.30,27.60,7.30,4.70,9.54,8.95,8.79,2.84,0.79,0.74,3.61,3.27,3.43,83.70,-35.30,0.08,0.17,0.15,0.32,0.28,0.35,0.43,0.34,114.00
2013 Twins,0.407,0,0,0,11.50,10.80,-8.11,-6.89,-6.83,-6.34,6.11,2.84,1.04,0.70,4.55,4.23,4.28,-66.10,-35.40,0.09,0.23,0.14,0.30,0.24,0.31,0.38,0.31,91.00
2013 White Sox,0.389,0,0,0,15.30,5.50,-3.09,-14.91,-3.84,-10.62,7.73,3.15,1.13,0.73,4.00,4.13,3.98,-117.50,-29.00,0.07,0.20,0.13,0.29,0.25,0.30,0.38,0.30,85.00
2013 Yankees,0.525,0,0,0,14.80,14.60,7.39,-3.39,1.94,-6.38,7.67,2.72,1.06,0.75,3.94,3.89,3.76,-89.20,28.10,0.08,0.20,0.13,0.29,0.24,0.31,0.38,0.30,86.00
2014 Angels,0.605,1,0,0,14.50,30.40,5.41,11.59,6.79,11.15,8.15,3.06,0.76,0.73,3.58,3.57,3.78,67.30,11.50,0.08,0.20,0.15,0.31,0.26,0.32,0.41,0.32,110.00
2014 Astros,0.432,0,0,0,9.90,13.70,-7.59,-3.41,-8.20,-1.23,7.11,3.03,0.87,0.70,4.14,3.93,3.91,-8.10,-57.90,0.08,0.24,0.14,0.30,0.24,0.31,0.38,0.31,98.00
2014 Athletics,0.543,1,0,0,17.40,21.20,3.11,3.89,4.92,5.10,7.65,2.50,0.90,0.76,3.22,3.67,3.60,27.20,-30.40,0.09,0.18,0.14,0.28,0.24,0.32,0.38,0.31,102.00
2014 Blue Jays,0.512,0,0,0,14.20,22.20,0.67,1.33,-0.55,5.60,7.48,3.06,0.94,0.73,4.00,3.97,3.99,44.90,-37.00,0.08,0.19,0.16,0.30,0.26,0.32,0.41,0.33,107.00
2014 Braves,0.488,0,0,0,18.60,12.80,6.74,-8.74,2.42,-7.41,8.05,2.92,0.75,0.75,3.38,3.47,3.63,-98.90,32.70,0.08,0.23,0.12,0.30,0.24,0.31,0.36,0.30,86.00
2014 Brewers,0.506,0,0,0,10.90,20.80,3.27,-2.27,3.04,-0.03,7.69,2.66,1.03,0.74,3.67,3.89,3.65,-56.20,62.20,0.07,0.20,0.15,0.29,0.25,0.31,0.40,0.31,94.00
2014 Cardinals,0.556,1,0,0,15.90,18.10,8.77,0.23,5.42,0.29,7.59,2.92,0.76,0.74,3.50,3.65,3.77,-49.00,29.90,0.08,0.19,0.12,0.30,0.25,0.32,0.37,0.31,95.00
2014 Cubs,0.451,0,0,0,20.50,15.40,-1.39,-6.61,-1.57,-3.12,8.06,3.10,0.71,0.70,3.92,3.51,3.70,-59.50,15.20,0.07,0.24,0.15,0.30,0.24,0.30,0.39,0.30,91.00
2014 Diamondbacks,0.395,0,0,0,8.20,13.00,-7.18,-9.82,-3.36,-8.29,7.96,2.92,0.96,0.70,4.26,3.83,3.63,-112.80,47.50,0.07,0.19,0.13,0.29,0.25,0.30,0.38,0.30,83.00
2014 Dodgers,0.580,1,0,0,19.50,31.80,4.43,8.57,1.46,12.43,8.44,2.64,0.87,0.74,3.40,3.48,3.33,81.40,20.30,0.08,0.20,0.14,0.32,0.27,0.33,0.41,0.33,112.00
2014 Giants,0.543,1,1,1,9.40,25.40,0.35,6.65,1.36,3.18,7.52,2.42,0.83,0.73,3.50,3.58,3.59,-5.10,52.80,0.07,0.21,0.13,0.30,0.26,0.31,0.39,0.31,99.00
2014 Indians,0.525,0,0,0,20.30,14.10,4.99,-0.99,2.92,-1.34,8.89,2.84,0.83,0.73,3.57,3.42,3.36,-1.70,-65.60,0.08,0.19,0.14,0.30,0.25,0.32,0.39,0.31,98.00
2014 Mariners,0.537,0,0,0,13.60,16.40,10.08,-4.08,7.40,-3.76,8.16,2.87,0.85,0.77,3.17,3.61,3.57,-37.50,-1.50,0.07,0.21,0.13,0.29,0.24,0.30,0.38,0.30,94.00
2014 Marlins,0.475,0,0,0,16.70,16.60,-3.37,-0.63,-3.58,0.39,7.35,2.83,0.70,0.72,3.79,3.56,3.75,-42.30,7.00,0.08,0.23,0.13,0.32,0.25,0.32,0.38,0.31,95.00
2014 Mets,0.488,0,0,0,12.70,17.80,-1.07,-0.93,-3.84,-1.83,8.01,3.13,0.87,0.76,3.49,3.75,3.70,-56.00,32.60,0.08,0.21,0.13,0.29,0.24,0.31,0.36,0.30,92.00
2014 Nationals,0.593,1,0,0,24.30,26.20,10.34,4.66,10.93,4.03,7.88,2.15,0.67,0.75,3.03,3.18,3.43,8.40,42.40,0.08,0.21,0.14,0.30,0.25,0.32,0.39,0.32,99.00
2014 Orioles,0.593,1,0,0,12.90,27.40,12.50,2.50,4.88,0.91,7.23,2.91,0.93,0.77,3.44,3.96,3.92,21.90,34.40,0.07,0.21,0.17,0.30,0.26,0.31,0.42,0.32,104.00
2014 Padres,0.475,0,0,0,12.20,11.70,5.42,-9.42,5.04,-10.20,8.03,2.89,0.73,0.75,3.27,3.46,3.57,-128.70,56.90,0.08,0.22,0.12,0.28,0.23,0.29,0.34,0.28,82.00
2014 Phillies,0.451,0,0,0,16.60,11.60,-2.12,-5.88,-0.56,-3.97,7.69,3.19,0.82,0.72,3.81,3.81,3.83,-85.50,4.20,0.07,0.21,0.12,0.29,0.24,0.30,0.36,0.30,86.00
2014 Pirates,0.543,1,0,0,8.20,31.40,0.19,6.81,0.18,8.01,7.59,3.08,0.79,0.74,3.49,3.80,3.71,61.60,36.70,0.08,0.20,0.15,0.31,0.26,0.33,0.40,0.33,108.00
2014 Rangers,0.414,0,0,0,9.30,11.60,-6.03,-7.97,-8.85,-4.21,7.00,3.19,1.01,0.70,4.49,4.22,4.26,-66.80,-17.00,0.07,0.19,0.12,0.31,0.26,0.31,0.38,0.31,90.00
2014 Rays,0.475,0,0,0,14.10,20.30,3.61,-7.61,6.49,-3.54,8.84,2.96,0.89,0.74,3.56,3.56,3.62,-19.90,9.50,0.09,0.18,0.12,0.29,0.25,0.32,0.37,0.31,97.00
2014 Red Sox,0.438,0,0,0,10.60,17.30,0.20,-10.20,-1.86,-8.81,7.45,2.96,0.95,0.72,4.01,3.93,3.87,-83.00,44.80,0.09,0.22,0.12,0.30,0.24,0.32,0.37,0.31,89.00
2014 Reds,0.469,0,0,0,12.80,14.70,5.06,-10.06,2.88,-9.49,8.03,3.16,1.01,0.77,3.59,4.01,3.75,-115.40,69.10,0.07,0.21,0.13,0.28,0.24,0.30,0.37,0.29,83.00
2014 Rockies,0.407,0,0,0,7.20,17.00,-12.31,-2.69,-9.29,-1.15,6.75,3.34,1.09,0.69,4.86,4.43,4.04,-33.10,2.20,0.06,0.21,0.17,0.33,0.28,0.33,0.45,0.34,97.00
2014 Royals,0.549,1,1,0,17.20,18.80,10.90,-2.90,7.82,-6.24,7.25,2.73,0.79,0.74,3.51,3.69,3.88,-47.80,28.10,0.06,0.16,0.11,0.30,0.26,0.31,0.38,0.31,92.00
2014 Tigers,0.556,1,0,0,19.70,24.80,2.40,6.60,-1.01,10.11,7.70,2.86,0.79,0.71,4.01,3.60,3.76,73.00,-41.90,0.07,0.18,0.15,0.32,0.28,0.33,0.43,0.33,112.00
2014 Twins,0.432,0,0,0,14.30,16.20,-11.11,0.11,-7.59,-1.06,6.47,2.56,0.92,0.69,4.58,3.97,4.12,23.80,-72.60,0.09,0.21,0.14,0.31,0.25,0.32,0.39,0.32,100.00
2014 White Sox,0.451,0,0,0,10.70,13.30,-9.72,1.72,-6.20,-2.08,7.20,3.48,0.87,0.70,4.30,4.10,4.11,-23.50,-46.40,0.07,0.22,0.15,0.31,0.25,0.31,0.40,0.31,99.00
2014 Yankees,0.519,0,0,0,17.50,18.10,6.01,-3.01,1.65,-2.57,8.49,2.47,1.02,0.73,3.75,3.67,3.43,-38.50,11.70,0.07,0.19,0.14,0.28,0.25,0.31,0.38,0.31,94.00
2015 Angels,0.525,0,0,0,12.20,17.10,3.62,0.38,-0.97,-1.10,7.63,2.91,1.04,0.73,3.94,4.06,4.26,-37.00,2.30,0.07,0.19,0.15,0.28,0.25,0.31,0.40,0.31,95.00
2015 Astros,0.531,1,0,0,18.90,26.10,1.91,3.09,5.58,10.60,7.99,2.64,0.92,0.74,3.57,3.66,3.71,66.80,-19.60,0.08,0.23,0.19,0.29,0.25,0.32,0.44,0.33,108.00
2015 Athletics,0.420,0,0,0,13.00,11.30,-8.93,-4.07,-3.89,-3.26,7.34,2.95,1.07,0.71,4.16,4.13,4.13,-34.10,-60.70,0.08,0.18,0.14,0.29,0.25,0.31,0.40,0.31,95.00
2015 Blue Jays,0.574,1,0,0,13.70,36.70,-1.05,13.05,3.89,15.83,6.98,2.48,1.08,0.73,3.81,4.09,4.14,135.90,6.60,0.09,0.19,0.19,0.30,0.27,0.34,0.46,0.34,117.00
2015 Braves,0.414,0,0,0,7.00,9.90,-6.02,-7.98,-10.73,-9.41,7.25,3.47,1.07,0.71,4.41,4.34,4.36,-115.50,22.40,0.08,0.18,0.11,0.30,0.25,0.31,0.36,0.30,84.00
2015 Brewers,0.420,0,0,0,9.90,12.60,-4.27,-8.73,-5.17,-6.43,7.90,3.24,1.10,0.72,4.28,4.17,4.00,-87.90,20.70,0.07,0.22,0.14,0.30,0.25,0.31,0.39,0.30,87.00
2015 Cardinals,0.617,1,0,0,20.60,23.60,19.45,-0.45,7.82,-0.41,8.17,2.93,0.76,0.79,2.94,3.48,3.71,-21.20,53.80,0.08,0.21,0.14,0.30,0.25,0.32,0.39,0.31,97.00
2015 Cubs,0.599,1,0,0,22.90,25.40,12.67,3.33,10.76,2.46,8.81,2.51,0.83,0.73,3.36,3.30,3.37,-15.80,63.60,0.09,0.25,0.15,0.31,0.24,0.32,0.40,0.31,96.00
2015 Diamondbacks,0.488,0,0,0,10.60,21.60,2.26,-4.26,-0.98,0.73,7.46,3.07,1.12,0.74,4.05,4.21,4.09,-23.30,32.60,0.08,0.21,0.15,0.32,0.26,0.32,0.41,0.32,95.00
2015 Dodgers,0.568,1,0,0,19.70,29.00,7.24,3.76,7.63,5.95,8.69,2.46,0.90,0.75,3.46,3.41,3.33,28.20,57.30,0.09,0.21,0.16,0.29,0.25,0.33,0.41,0.32,106.00
2015 Giants,0.519,0,0,0,8.80,29.50,2.13,0.87,0.70,3.52,7.26,2.69,0.97,0.75,3.73,3.92,3.99,25.60,62.00,0.07,0.19,0.14,0.31,0.27,0.33,0.41,0.32,104.00
2015 Indians,0.503,0,0,0,21.10,19.10,5.99,-5.49,9.83,-3.61,8.84,2.67,1.01,0.73,3.68,3.62,3.57,-15.60,-4.50,0.09,0.19,0.14,0.30,0.26,0.33,0.40,0.32,97.00
2015 Mariners,0.469,0,0,0,9.10,17.40,-2.12,-2.88,-4.85,0.99,7.89,3.02,1.11,0.73,4.16,4.14,3.99,-20.70,-15.80,0.08,0.22,0.16,0.29,0.25,0.31,0.41,0.31,100.00
2015 Marlins,0.438,0,0,0,12.20,15.30,-6.37,-3.63,-2.01,-3.74,7.27,3.20,0.89,0.72,4.04,3.98,4.23,-67.20,26.80,0.06,0.19,0.12,0.31,0.26,0.31,0.38,0.30,91.00
2015 Mets,0.556,1,1,0,19.00,24.60,7.36,1.64,5.93,2.71,8.23,2.36,0.94,0.74,3.45,3.53,3.60,-6.80,48.70,0.08,0.21,0.16,0.29,0.24,0.31,0.40,0.31,98.00
2015 Nationals,0.512,0,0,0,22.20,17.90,1.99,0.01,5.54,3.34,8.42,2.28,0.91,0.73,3.62,3.45,3.58,-29.70,9.40,0.09,0.22,0.15,0.30,0.25,0.32,0.40,0.32,96.00
2015 Orioles,0.500,0,0,0,15.80,17.70,2.93,-2.93,-0.80,-0.94,7.73,3.03,1.09,0.74,4.05,4.11,4.04,-23.90,-5.90,0.07,0.22,0.17,0.29,0.25,0.31,0.42,0.32,97.00
2015 Padres,0.457,0,0,0,9.70,16.40,-3.90,-3.10,-6.83,-0.11,8.70,3.22,1.07,0.71,4.09,3.93,3.71,-63.20,31.50,0.07,0.22,0.14,0.29,0.24,0.30,0.39,0.30,90.00
2015 Phillies,0.389,0,0,0,10.30,8.80,-10.14,-7.86,-13.46,-5.72,7.22,3.06,1.20,0.71,4.69,4.40,4.29,-100.30,-3.90,0.06,0.21,0.13,0.30,0.25,0.30,0.38,0.30,86.00
2015 Pirates,0.605,1,0,0,19.50,24.00,15.16,1.84,9.17,1.39,8.08,2.74,0.66,0.75,3.23,3.36,3.56,-17.40,49.60,0.07,0.21,0.14,0.31,0.26,0.32,0.40,0.31,97.00
2015 Rangers,0.543,1,0,0,11.00,21.60,3.88,3.12,0.04,3.32,6.83,3.17,1.07,0.72,4.25,4.34,4.37,4.80,-3.00,0.08,0.20,0.16,0.30,0.26,0.33,0.41,0.32,98.00
2015 Rays,0.494,0,0,0,14.70,19.60,4.19,-5.19,3.93,-0.84,8.39,2.95,1.08,0.75,3.74,3.91,3.94,-16.20,2.50,0.07,0.22,0.15,0.30,0.25,0.31,0.41,0.31,100.00
2015 Red Sox,0.481,0,0,0,11.80,17.90,-0.36,-2.64,-4.13,2.90,7.57,2.97,1.11,0.72,4.34,4.17,4.14,-5.90,-28.90,0.08,0.18,0.15,0.31,0.27,0.33,0.42,0.32,99.00
2015 Reds,0.395,0,0,0,10.80,16.50,-4.64,-12.36,-5.52,-4.54,7.75,3.37,1.10,0.72,4.35,4.24,4.14,-52.10,16.10,0.08,0.20,0.15,0.29,0.25,0.31,0.39,0.31,91.00
2015 Rockies,0.420,0,0,0,8.30,9.70,-11.16,-1.84,-11.64,-3.14,7.02,3.65,1.15,0.70,5.04,4.56,4.33,-91.90,-4.20,0.06,0.21,0.17,0.31,0.27,0.32,0.43,0.32,87.00
2015 Royals,0.586,1,1,1,13.80,21.80,8.86,5.14,6.10,0.57,7.19,3.03,0.96,0.75,3.74,4.04,4.25,-8.30,13.80,0.06,0.16,0.14,0.30,0.27,0.32,0.41,0.32,99.00
2015 Tigers,0.460,0,0,0,11.70,17.10,-4.49,-2.01,-7.87,-0.12,6.84,3.04,1.20,0.70,4.64,4.46,4.36,-8.60,-31.60,0.07,0.20,0.15,0.32,0.27,0.33,0.42,0.32,103.00
2015 Twins,0.512,0,0,0,16.00,12.10,4.29,-2.29,3.42,-5.93,6.52,2.58,1.02,0.73,4.07,4.10,4.23,-80.40,-2.10,0.07,0.21,0.15,0.29,0.25,0.31,0.40,0.31,89.00
2015 White Sox,0.469,0,0,0,17.40,8.80,3.59,-8.59,-1.31,-7.95,8.42,2.94,1.00,0.73,3.98,3.82,3.81,-94.30,-21.60,0.07,0.20,0.13,0.30,0.25,0.31,0.38,0.30,89.00
2015 Yankees,0.537,1,0,0,18.40,20.70,7.08,-1.08,-0.85,3.61,8.46,2.93,1.12,0.74,4.03,3.97,3.70,25.30,-35.30,0.09,0.20,0.17,0.28,0.25,0.32,0.42,0.32,103.00
2016 Angels,0.457,0,0,0,8.00,19.20,-8.29,1.29,-10.05,0.23,7.19,3.15,1.32,0.75,4.28,4.62,4.66,-27.40,6.40,0.08,0.16,0.15,0.29,0.26,0.32,0.41,0.31,99.00
2016 Astros,0.519,0,0,0,17.60,23.70,4.91,-1.91,1.00,2.56,8.56,2.78,1.11,0.73,4.06,3.85,3.87,2.80,14.60,0.09,0.23,0.17,0.30,0.25,0.32,0.42,0.32,101.00
2016 Athletics,0.426,0,0,0,13.70,3.00,-7.09,-4.91,-3.99,-7.28,7.46,2.91,1.16,0.71,4.51,4.24,4.28,-100.50,-77.50,0.07,0.19,0.15,0.28,0.25,0.30,0.40,0.30,89.00
2016 Blue Jays,0.549,1,0,0,16.80,25.10,8.99,-0.99,6.29,2.95,8.10,2.84,1.13,0.75,3.79,4.04,4.02,21.90,8.80,0.10,0.22,0.18,0.29,0.25,0.33,0.43,0.33,104.00
2016 Braves,0.422,0,0,0,9.00,9.80,-1.80,-10.70,-2.75,-6.79,7.63,3.40,1.10,0.70,4.51,4.32,4.48,-110.80,13.70,0.08,0.20,0.13,0.31,0.26,0.32,0.38,0.30,86.00
2016 Brewers,0.451,0,0,0,11.10,12.70,2.37,-10.37,-4.03,-3.66,7.37,3.34,1.12,0.73,4.10,4.37,4.42,-55.20,-9.30,0.10,0.26,0.16,0.30,0.24,0.32,0.41,0.32,92.00
2016 Cardinals,0.531,0,0,0,16.60,22.00,-2.07,7.07,0.73,8.96,8.02,2.95,0.99,0.72,4.08,3.88,3.88,18.90,2.80,0.09,0.21,0.19,0.29,0.26,0.33,0.44,0.33,105.00
2016 Cubs,0.640,1,1,1,18.80,37.10,18.68,3.79,17.90,7.46,8.88,3.05,1.01,0.78,3.15,3.77,3.74,61.30,104.80,0.10,0.21,0.17,0.30,0.26,0.34,0.43,0.33,106.00
2016 Diamondbacks,0.426,0,0,0,10.10,15.60,-9.92,-2.08,-7.30,-0.51,8.17,3.74,1.25,0.69,5.09,4.50,4.34,-39.90,-2.10,0.07,0.23,0.17,0.32,0.26,0.32,0.43,0.32,93.00
2016 Dodgers,0.562,1,0,0,20.00,25.50,7.11,2.89,10.45,2.89,9.35,2.87,1.02,0.74,3.70,3.61,3.75,-20.20,77.90,0.09,0.21,0.16,0.29,0.25,0.32,0.41,0.31,97.00
2016 Giants,0.537,1,0,0,14.20,25.90,8.51,-2.51,8.60,-0.65,8.07,2.71,0.97,0.74,3.69,3.76,4.01,-34.80,92.80,0.09,0.18,0.14,0.30,0.26,0.33,0.40,0.32,96.00
2016 Indians,0.584,1,1,0,18.20,24.90,9.57,3.93,10.01,5.09,8.71,2.87,1.16,0.73,3.86,3.91,3.80,14.10,16.80,0.09,0.20,0.17,0.30,0.26,0.33,0.43,0.33,100.00
2016 Mariners,0.531,0,0,0,14.50,21.30,1.02,3.98,-3.52,7.57,8.14,2.84,1.32,0.75,4.00,4.30,4.17,44.60,-51.20,0.08,0.21,0.17,0.30,0.26,0.33,0.43,0.33,108.00
2016 Marlins,0.491,0,0,0,15.50,21.30,0.81,-2.31,0.36,-2.20,8.65,3.73,0.95,0.74,4.05,3.97,4.21,-40.10,57.40,0.07,0.20,0.13,0.31,0.26,0.32,0.39,0.31,95.00
2016 Mets,0.537,1,0,0,21.50,23.40,10.41,-4.41,6.34,0.46,8.68,2.73,0.95,0.76,3.58,3.57,3.78,-17.70,55.90,0.09,0.21,0.17,0.28,0.25,0.32,0.42,0.32,99.00
2016 Nationals,0.586,1,0,0,23.50,22.20,9.50,4.33,12.09,4.73,9.10,2.89,0.96,0.75,3.52,3.58,3.82,-16.70,41.20,0.09,0.20,0.17,0.29,0.26,0.33,0.43,0.32,96.00
2016 Orioles,0.549,1,0,0,15.70,20.70,5.74,2.26,-1.72,3.53,7.84,3.43,1.15,0.74,4.22,4.31,4.34,22.60,-29.80,0.08,0.22,0.19,0.29,0.26,0.32,0.44,0.33,103.00
2016 Padres,0.420,0,0,0,8.60,11.10,-5.42,-7.58,-7.46,-5.43,7.64,3.56,1.14,0.71,4.44,4.40,4.42,-92.30,14.00,0.08,0.25,0.16,0.29,0.24,0.30,0.39,0.30,84.00
2016 Phillies,0.438,0,0,0,13.90,9.40,-1.51,-8.49,-5.90,-10.51,8.14,2.92,1.33,0.71,4.64,4.34,4.21,-137.50,43.20,0.07,0.23,0.14,0.29,0.24,0.30,0.39,0.30,81.00
2016 Pirates,0.484,0,0,0,9.00,18.80,-2.94,0.48,-8.23,0.49,7.64,3.31,1.12,0.73,4.22,4.30,4.28,-26.50,15.60,0.09,0.21,0.14,0.31,0.26,0.33,0.40,0.32,97.00
2016 Rangers,0.586,1,0,0,12.60,16.20,4.66,9.34,-0.08,1.35,7.20,3.33,1.25,0.73,4.38,4.58,4.49,-37.00,-14.50,0.07,0.20,0.17,0.30,0.26,0.32,0.43,0.32,95.00
2016 Rays,0.420,0,0,0,10.60,19.10,-4.57,-8.43,-2.90,-0.85,8.56,3.10,1.33,0.74,4.20,4.26,4.22,-13.00,-9.00,0.07,0.25,0.18,0.29,0.24,0.31,0.43,0.32,98.00
2016 Red Sox,0.574,1,0,0,18.80,35.20,2.97,9.03,9.08,11.78,8.51,3.06,1.10,0.73,4.00,4.00,4.20,109.90,15.90,0.09,0.18,0.18,0.32,0.28,0.35,0.46,0.35,113.00
2016 Reds,0.420,0,0,0,1.00,12.10,-11.46,-1.54,-16.06,-6.00,7.75,3.97,1.61,0.73,4.91,5.24,4.79,-89.90,18.60,0.07,0.21,0.15,0.30,0.26,0.32,0.41,0.31,89.00
2016 Rockies,0.463,0,0,0,13.10,18.50,-6.79,0.79,0.01,-2.76,7.70,3.44,1.14,0.68,4.92,4.38,4.23,-45.00,32.20,0.08,0.21,0.18,0.33,0.28,0.34,0.46,0.34,94.00
2016 Royals,0.500,0,0,0,12.10,11.80,4.62,-4.62,-2.26,-6.87,8.04,3.23,1.29,0.75,4.21,4.42,4.33,-83.90,-9.80,0.06,0.20,0.14,0.31,0.26,0.31,0.40,0.31,89.00
2016 Tigers,0.534,0,0,0,18.50,21.10,3.57,1.93,1.39,3.48,7.76,2.91,1.15,0.72,4.24,4.16,4.31,27.00,-31.90,0.08,0.21,0.17,0.31,0.27,0.33,0.44,0.33,106.00
2016 Twins,0.364,0,0,0,10.70,12.40,-12.27,-9.73,-12.74,0.20,7.43,2.99,1.38,0.68,5.09,4.57,4.42,-28.50,-65.90,0.08,0.23,0.17,0.30,0.25,0.32,0.42,0.32,95.00
2016 White Sox,0.481,0,0,0,17.10,15.00,-1.37,-1.63,-3.13,-1.67,7.90,3.24,1.15,0.74,4.12,4.27,4.38,-27.20,-38.00,0.07,0.21,0.15,0.30,0.26,0.32,0.41,0.31,97.00
2016 Yankees,0.519,0,0,0,18.70,15.50,5.36,-2.36,1.33,-2.08,8.78,2.80,1.35,0.74,4.16,4.20,3.86,-49.70,-7.30,0.08,0.20,0.15,0.29,0.25,0.31,0.41,0.31,92.00
2017 Angels,0.494,0,0,0,11.00,18.80,-1.69,0.69,0.91,-2.42,8.20,2.94,1.40,0.75,4.20,4.43,4.37,-61.30,42.60,0.09,0.20,0.16,0.28,0.24,0.32,0.40,0.31,92.00
2017 Astros,0.623,1,1,1,19.00,33.70,5.64,14.36,2.83,16.26,9.91,3.25,1.20,0.74,4.12,3.91,3.77,162.60,-37.90,0.08,0.17,0.20,0.31,0.28,0.35,0.48,0.35,121.00
2017 Athletics,0.463,0,0,0,9.60,17.50,-11.11,5.11,-9.99,3.11,7.56,3.16,1.32,0.69,4.67,4.57,4.54,19.90,-53.60,0.09,0.24,0.19,0.29,0.25,0.32,0.44,0.32,103.00
2017 Blue Jays,0.469,0,0,0,16.60,10.70,3.07,-8.07,1.25,-8.64,8.43,3.37,1.25,0.72,4.42,4.31,4.36,-72.60,-30.20,0.09,0.22,0.17,0.28,0.24,0.31,0.41,0.31,93.00
2017 Braves,0.444,0,0,0,8.90,15.90,-7.21,-1.79,-5.86,-2.39,7.86,3.65,1.20,0.70,4.72,4.51,4.67,-79.80,35.00,0.08,0.19,0.15,0.31,0.26,0.33,0.41,0.32,90.00
2017 Brewers,0.531,0,0,0,17.10,17.30,6.56,-1.56,4.57,-0.78,8.38,3.44,1.15,0.75,4.00,4.24,4.26,-48.60,20.70,0.09,0.26,0.18,0.31,0.25,0.32,0.43,0.32,94.00
2017 Cardinals,0.512,0,0,0,15.70,26.30,3.47,-1.47,5.57,3.53,8.38,3.06,1.14,0.74,4.01,4.09,4.12,8.40,51.40,0.10,0.22,0.17,0.30,0.26,0.33,0.43,0.33,101.00
2017 Cubs,0.568,1,0,0,16.80,26.70,8.85,2.15,7.24,7.70,8.95,3.44,1.21,0.74,3.95,4.20,4.10,4.80,57.60,0.10,0.22,0.18,0.30,0.26,0.34,0.44,0.33,101.00
2017 Diamondbacks,0.574,1,0,0,22.90,19.70,12.72,-0.72,10.54,0.04,9.26,3.22,1.07,0.74,3.67,3.80,3.86,-27.90,21.10,0.09,0.23,0.19,0.31,0.25,0.33,0.45,0.33,95.00
2017 Dodgers,0.642,1,1,0,21.70,33.30,14.91,8.09,12.49,7.95,9.65,2.75,1.15,0.78,3.38,3.67,3.70,40.70,90.20,0.11,0.22,0.19,0.29,0.25,0.33,0.44,0.33,104.00
2017 Giants,0.395,0,0,0,11.40,10.50,-4.82,-12.18,-4.19,-8.19,7.65,3.07,1.13,0.71,4.50,4.22,4.53,-134.10,38.50,0.08,0.20,0.13,0.29,0.25,0.31,0.38,0.30,83.00
2017 Indians,0.630,1,0,0,30.40,26.70,21.76,-0.76,20.02,6.69,10.08,2.54,1.02,0.78,3.30,3.33,3.41,48.80,6.80,0.10,0.19,0.19,0.30,0.26,0.34,0.45,0.34,105.00
2017 Mariners,0.481,0,0,0,9.30,21.60,-5.43,2.43,-3.64,1.43,7.77,3.06,1.48,0.73,4.46,4.70,4.64,7.20,-0.80,0.08,0.21,0.17,0.30,0.26,0.33,0.42,0.32,103.00
2017 Marlins,0.475,0,0,0,5.50,27.90,-7.07,3.07,-7.55,4.60,7.50,3.91,1.20,0.71,4.82,4.69,4.90,9.00,65.70,0.08,0.21,0.16,0.31,0.27,0.33,0.43,0.33,101.00
2017 Mets,0.432,0,0,0,8.70,22.60,-9.79,-1.21,-11.59,5.52,8.62,3.72,1.38,0.71,5.01,4.59,4.42,-7.20,32.10,0.09,0.21,0.18,0.29,0.25,0.32,0.43,0.32,101.00
2017 Nationals,0.599,1,0,0,23.00,24.40,12.02,3.98,8.46,4.75,9.06,3.08,1.18,0.74,3.88,3.99,4.12,2.40,38.70,0.09,0.21,0.18,0.31,0.27,0.33,0.45,0.33,99.00
2017 Orioles,0.463,0,0,0,8.60,11.30,-2.44,-3.56,-6.62,-3.14,7.70,3.62,1.51,0.72,4.97,4.96,4.72,-51.30,-44.90,0.06,0.23,0.18,0.31,0.26,0.31,0.44,0.32,95.00
2017 Padres,0.438,0,0,0,7.90,7.00,-4.48,-5.52,-8.95,-9.27,8.34,3.49,1.42,0.71,4.70,4.68,4.34,-132.70,7.40,0.08,0.25,0.16,0.29,0.23,0.30,0.39,0.30,82.00
2017 Phillies,0.407,0,0,0,14.30,10.40,-5.91,-9.09,-5.61,-5.68,8.18,3.29,1.38,0.73,4.57,4.56,4.50,-109.50,13.10,0.08,0.23,0.16,0.30,0.25,0.32,0.41,0.31,87.00
2017 Pirates,0.463,0,0,0,16.60,10.00,-0.79,-5.21,-3.79,-8.37,7.88,3.19,1.14,0.73,4.23,4.23,4.33,-120.00,19.30,0.09,0.20,0.14,0.29,0.24,0.32,0.39,0.30,85.00
2017 Rangers,0.481,0,0,0,11.20,10.10,-2.29,-0.71,-3.22,-0.56,6.95,3.51,1.34,0.71,4.70,4.88,4.89,-70.20,-37.60,0.09,0.24,0.19,0.29,0.24,0.32,0.43,0.32,90.00
2017 Rays,0.494,0,0,0,15.00,21.70,3.65,-4.65,3.55,-0.04,8.42,3.13,1.20,0.73,3.99,4.17,4.29,1.10,6.50,0.09,0.25,0.18,0.30,0.25,0.32,0.42,0.32,99.00
2017 Red Sox,0.574,1,0,0,23.20,18.20,14.89,-2.89,11.91,-4.96,9.59,2.82,1.18,0.76,3.73,3.78,3.91,-64.00,30.20,0.09,0.19,0.15,0.30,0.26,0.33,0.41,0.32,91.00
2017 Reds,0.420,0,0,0,5.30,19.40,-6.74,-6.26,-11.87,-0.80,8.18,3.97,1.56,0.71,5.17,5.08,4.66,-47.40,38.70,0.09,0.21,0.18,0.29,0.25,0.33,0.43,0.33,95.00
2017 Rockies,0.537,1,0,0,18.60,13.70,11.97,-5.97,5.90,-4.51,7.95,3.33,1.19,0.72,4.51,4.32,4.26,-105.80,40.00,0.08,0.23,0.17,0.33,0.27,0.34,0.44,0.33,88.00
2017 Royals,0.494,0,0,0,13.70,11.10,1.78,-2.78,-1.40,-6.57,7.61,3.25,1.23,0.71,4.63,4.43,4.68,-65.60,-28.50,0.07,0.19,0.16,0.30,0.26,0.31,0.42,0.31,91.00
2017 Tigers,0.395,0,0,0,11.50,14.20,-9.79,-7.21,-11.87,-4.72,7.62,3.41,1.38,0.69,5.36,4.73,4.87,-37.80,-29.40,0.08,0.21,0.17,0.31,0.26,0.32,0.42,0.32,98.00
2017 Twins,0.525,1,0,0,8.90,26.00,-0.23,4.23,-2.04,2.29,7.31,3.03,1.40,0.73,4.60,4.71,4.75,39.70,7.20,0.10,0.21,0.17,0.31,0.26,0.33,0.43,0.33,103.00
2017 White Sox,0.414,0,0,0,4.40,14.10,-7.08,-6.92,-8.13,-4.09,7.55,4.00,1.53,0.72,4.78,5.17,5.01,-36.40,-29.20,0.07,0.23,0.16,0.31,0.26,0.31,0.42,0.31,95.00
2017 Yankees,0.562,1,0,0,23.40,29.20,6.32,3.68,11.54,10.83,9.69,3.13,1.19,0.75,3.75,3.88,3.82,82.30,-6.50,0.10,0.22,0.19,0.30,0.26,0.34,0.45,0.34,109.00
2018 Angels,0.494,0,0,0,11.30,24.40,-2.33,1.33,-1.90,3.28,8.68,3.42,1.28,0.74,4.15,4.36,4.18,-1.10,36.70,0.08,0.21,0.17,0.28,0.24,0.31,0.41,0.31,100.00
2018 Astros,0.636,1,0,0,29.10,25.90,16.63,5.37,16.98,7.01,10.44,2.69,0.94,0.78,3.11,3.23,3.36,60.10,-11.50,0.09,0.20,0.17,0.29,0.26,0.33,0.43,0.33,109.00
2018 Athletics,0.599,1,0,0,13.60,31.70,11.45,4.55,6.45,8.42,7.60,2.91,1.13,0.74,3.82,4.18,4.25,77.80,23.00,0.09,0.22,0.19,0.29,0.25,0.33,0.44,0.33,111.00
2018 Blue Jays,0.451,0,0,0,8.80,13.20,-6.62,-1.38,-9.89,-0.50,8.15,3.46,1.31,0.70,4.85,4.53,4.54,-22.50,-49.70,0.08,0.23,0.18,0.29,0.24,0.31,0.43,0.32,101.00
2018 Braves,0.556,1,0,0,14.90,26.00,6.74,2.26,5.22,3.22,8.79,3.92,0.95,0.74,3.75,3.99,4.17,-10.80,66.80,0.08,0.21,0.16,0.30,0.26,0.32,0.42,0.32,97.00
2018 Brewers,0.589,1,0,0,15.20,27.50,7.12,7.38,8.52,6.08,8.80,3.41,1.07,0.74,3.73,4.01,4.04,3.00,68.30,0.09,0.24,0.17,0.30,0.25,0.32,0.42,0.32,99.00
2018 Cardinals,0.543,0,0,0,14.10,25.80,-0.37,7.37,-1.11,4.65,8.27,3.67,0.89,0.73,3.85,3.97,4.24,8.30,47.10,0.09,0.22,0.16,0.29,0.25,0.32,0.41,0.32,99.00
2018 Cubs,0.583,1,0,0,15.10,25.10,11.52,1.98,5.52,6.65,8.13,3.79,0.96,0.76,3.65,4.14,4.29,-0.90,44.00,0.09,0.22,0.15,0.31,0.26,0.33,0.41,0.32,100.00
2018 Diamondbacks,0.506,0,0,0,12.90,20.30,2.80,-1.80,3.72,-2.65,8.91,3.21,1.07,0.76,3.73,3.91,3.81,-76.00,79.20,0.09,0.24,0.16,0.29,0.24,0.31,0.40,0.31,89.00
2018 Dodgers,0.564,1,1,0,18.60,34.80,6.02,4.48,7.66,13.42,9.54,2.57,1.09,0.76,3.40,3.60,3.52,99.10,38.30,0.10,0.23,0.19,0.29,0.25,0.33,0.44,0.33,111.00
2018 Giants,0.451,0,0,0,13.10,7.00,0.58,-8.58,-2.22,-9.45,7.82,3.23,0.96,0.72,3.95,3.98,4.20,-132.50,7.90,0.07,0.24,0.13,0.30,0.24,0.30,0.37,0.29,83.00
2018 Indians,0.562,1,0,0,22.10,27.90,12.71,-2.71,10.45,2.87,9.54,2.51,1.24,0.76,3.77,3.79,3.66,45.60,16.80,0.09,0.19,0.18,0.29,0.26,0.33,0.43,0.33,104.00
2018 Mariners,0.549,0,0,0,16.00,18.20,5.24,2.76,-1.69,-1.79,8.25,2.49,1.21,0.73,4.13,4.05,4.06,-6.80,-17.40,0.07,0.20,0.15,0.30,0.25,0.31,0.41,0.31,100.00
2018 Marlins,0.391,0,0,0,2.70,9.90,-9.03,-8.47,-10.47,-8.53,7.80,3.78,1.20,0.70,4.76,4.57,4.65,-144.40,49.30,0.08,0.23,0.12,0.29,0.24,0.30,0.36,0.29,83.00
2018 Mets,0.475,0,0,0,17.70,15.00,1.51,-5.51,-2.08,-0.17,8.91,2.98,1.14,0.73,4.07,3.97,4.03,-40.10,-8.30,0.09,0.23,0.15,0.28,0.23,0.31,0.39,0.31,94.00
2018 Nationals,0.506,0,0,0,16.70,23.80,1.76,-0.76,3.79,4.33,8.82,3.03,1.23,0.75,4.04,4.15,4.13,11.50,22.20,0.10,0.21,0.16,0.30,0.25,0.34,0.42,0.33,100.00
2018 Orioles,0.290,0,0,0,7.30,0.80,-13.71,-20.29,-16.09,-13.57,7.57,3.70,1.47,0.70,5.19,4.98,4.73,-116.10,-75.10,0.07,0.23,0.15,0.29,0.24,0.30,0.39,0.30,85.00
2018 Padres,0.407,0,0,0,12.40,8.00,-5.23,-9.77,-5.31,-7.12,8.64,3.21,1.14,0.71,4.41,4.10,3.99,-122.80,10.00,0.08,0.25,0.15,0.29,0.24,0.30,0.38,0.29,84.00
2018 Phillies,0.494,0,0,0,19.20,12.20,3.06,-4.06,-1.25,-4.27,9.12,3.11,1.06,0.71,4.15,3.83,3.87,-71.40,-3.10,0.10,0.25,0.16,0.29,0.23,0.31,0.39,0.31,90.00
2018 Pirates,0.509,0,0,0,15.10,17.70,2.02,-0.52,-1.88,-0.22,8.38,3.12,1.09,0.74,4.00,4.06,4.14,-47.60,29.10,0.08,0.20,0.15,0.30,0.25,0.32,0.41,0.31,95.00
2018 Rangers,0.414,0,0,0,10.80,11.40,-5.74,-8.26,-8.10,-4.49,7.05,3.09,1.40,0.70,4.92,4.79,4.59,-77.40,-15.10,0.09,0.24,0.16,0.29,0.24,0.32,0.40,0.32,89.00
2018 Rays,0.556,0,0,0,17.50,23.40,11.68,-2.68,10.04,1.81,8.83,3.11,1.02,0.73,3.75,3.82,3.98,45.90,-23.70,0.09,0.22,0.15,0.32,0.26,0.33,0.41,0.32,106.00
2018 Red Sox,0.667,1,1,1,18.30,32.10,13.92,13.08,11.66,7.49,9.61,3.16,1.09,0.76,3.75,3.82,3.92,73.10,30.90,0.09,0.20,0.19,0.31,0.27,0.34,0.45,0.34,110.00
2018 Reds,0.414,0,0,0,8.10,16.60,-7.23,-6.77,-12.56,-2.97,7.86,3.32,1.42,0.72,4.65,4.68,4.28,-44.00,8.60,0.09,0.22,0.15,0.31,0.25,0.33,0.40,0.32,95.00
2018 Rockies,0.558,1,0,0,17.30,16.40,7.15,2.35,7.15,-1.65,8.73,3.25,1.14,0.71,4.33,4.06,3.96,-88.70,53.20,0.08,0.23,0.18,0.30,0.26,0.32,0.44,0.33,88.00
2018 Royals,0.358,0,0,0,6.40,11.80,-7.61,-15.39,-4.89,-11.36,7.27,3.45,1.29,0.71,4.95,4.66,4.63,-97.10,11.60,0.07,0.22,0.15,0.29,0.25,0.31,0.39,0.30,88.00
2018 Tigers,0.395,0,0,0,9.60,6.70,-6.66,-10.34,-4.60,-12.72,7.67,3.10,1.36,0.71,4.60,4.59,4.55,-113.40,-20.50,0.07,0.22,0.14,0.29,0.24,0.30,0.38,0.30,83.00
2018 Twins,0.481,0,0,0,11.90,16.00,-1.16,-1.84,-1.96,-4.67,8.59,3.57,1.23,0.72,4.50,4.39,4.33,-30.60,-17.40,0.09,0.22,0.16,0.30,0.25,0.32,0.41,0.31,96.00
2018 White Sox,0.383,0,0,0,9.90,8.80,-9.91,-9.09,-8.18,-6.78,7.89,4.09,1.23,0.69,4.85,4.73,4.88,-61.90,-52.90,0.07,0.26,0.16,0.30,0.24,0.30,0.40,0.30,92.00
2018 Yankees,0.617,1,0,0,24.20,31.70,9.42,9.58,8.97,11.72,10.10,3.05,1.09,0.74,3.78,3.63,3.61,105.00,-4.60,0.10,0.23,0.20,0.29,0.25,0.33,0.45,0.34,112.00
